numIntAlea
10035
28848
22290
21789
225
27915
32661
27838
1294
15724
26465
39111
11718
16515
32886
20142
2945
21705
39223
15254
27232
18380
7308
20536
6441
18478
26693
21416
31932
26821
15610
9000
39571
15014
18096
13555
8231
10509
29946
18518
23678
2611
35328
39267
35666
16715
6527
1034
19073
33876
34179
15154
23713
4129
8903
7901
34242
23696
24270
14008
8249
15609
491
33994
13660
22702
10538
21305
13827
11274
19364
35741
4186
2632
20629
17298
25557
34193
21239
26686
15065
24049
16765
19442
26444
38648
30852
36668
23464
37434
16731
23715
35872
5186
6088
5685
25327
12317
29620
35420
30365
9964
24244
5313
33488
745
29536
6149
10710
16915
8710
10436
38442
31820
10611
8675
25095
20580
16265
3189
14178
13914
7290
13480
20217
39159
5019
3929
7852
16267
18245
18431
39665
35246
20416
29119
20002
614
7752
28285
10917
7535
10811
33808
13393
29690
26089
17282
32619
11039
6206
20871
19108
31532
36740
12501
10330
32241
3387
22686
18495
11702
29929
1795
25120
11003
5383
5289
10724
27952
33760
1933
25377
18468
21784
20700
33764
919
8700
38262
27963
24951
22090
10641
8050
16317
15219
27423
27719
37907
35457
25887
1320
10496
5092
28512
28719
19821
18845
31407
33179
8754
8130
32022
11720
33022
17066
38571
2775
21345
26199
28713
27923
20705
23761
9058
38285
34619
18058
2929
14636
35456
14539
29866
10070
15451
18972
26861
5155
2315
12876
28469
27623
18180
10005
36321
24746
25284
34518
36716
18346
24329
35027
20017
8243
36075
31172
12455
29487
3561
705
27281
4286
20785
9943
30985
28625
37555
17647
21607
17270
36675
9219
1551
30956
39382
18926
18553
28162
15718
32901
11581
2477
31795
2908
24035
11716
19505
26630
35319
170
6880
34222
11457
19179
32576
30128
29722
8629
20118
29865
31983
34985
39346
26539
11829
18250
17018
31008
403
4573
25349
29925
16168
20663
9210
17538
38797
7991
16429
6553
6164
3795
20257
856
31042
1875
12016
676
2863
16077
10954
24577
6633
37520
38173
2329
14267
6085
32193
3535
34248
28374
20170
6460
3399
31814
12678
38042
38235
38795
14392
31973
33635
38678
21768
898
17636
28354
20352
1419
16894
15282
7966
17675
18501
18942
33387
39239
15626
28117
3521
36498
22424
1990
35036
26269
20732
1406
11789
4758
20245
36900
8002
39594
37244
39023
6565
16725
32109
19928
15228
8782
22386
19270
26286
22311
15725
27910
35483
7960
36662
31680
26701
39860
25255
25440
16381
24715
36379
23381
20430
29630
15988
34893
19252
23046
11395
17218
10325
5451
32300
38449
31847
35067
16212
20993
13435
30980
23665
11142
2864
17797
3140
17715
27725
3040
16124
30967
647
2249
13346
5169
16136
25574
28277
28613
13960
22627
2833
34472
39775
17924
39968
14550
19576
12743
20061
20693
159
24015
32833
22117
20791
27175
29932
398
20281
413
29623
36712
6793
28775
16281
17013
4084
10424
5240
17775
1043
36344
13931
33490
14620
8568
24930
21471
20709
12301
36518
34010
39371
9099
33280
27999
18227
20481
6617
3769
37967
3886
35047
17509
5876
15398
23112
34748
2058
8583
10468
19592
10396
14961
37412
37823
32185
7238
5811
23007
9966
34491
1967
35415
3343
24377
39766
9031
3299
2805
16583
1105
5911
16780
25944
22806
25605
12817
6539
16440
32398
8446
4051
12105
2148
11240
22033
33350
8246
36799
18911
29407
4344
19227
38705
23987
9836
29843
6222
21280
3493
15975
29250
18888
37885
8906
19994
20422
15444
16624
18517
25083
9630
23459
9591
9566
33076
23998
4986
29793
14879
17178
3297
23099
34708
16142
7240
15742
27316
11227
7079
1146
12134
39472
36200
29710
22465
19532
26852
35546
34840
2581
9984
33947
19016
8962
692
33497
23088
22263
4005
33040
1994
34915
18700
3852
26869
9813
11767
11715
38461
30297
9196
28966
37681
21154
1889
13252
18323
14431
19961
22641
33025
17920
29368
17926
6526
20381
16022
13994
5579
39499
13586
14491
26819
4882
20331
39582
25444
25047
13434
7634
11847
14022
7753
18164
27925
30248
27497
12436
35424
3925
26904
3137
32498
6000
1984
807
32445
7200
14214
10948
33494
18736
37593
14091
19463
32143
1923
21402
23313
14764
9471
36182
22442
38095
32676
2110
29872
8420
17007
21612
38035
32144
16605
31485
35538
34048
22765
12042
33428
4698
30395
4713
6046
34682
8346
37855
27338
881
7115
15048
27241
10730
25481
17191
6894
11362
38310
37402
4738
14727
33351
31702
24347
24932
26374
35549
21113
30023
35023
23178
24265
363
27778
8738
8045
23913
7678
711
33066
38513
38333
823
26920
26227
33221
32405
21234
36611
37285
11002
27437
22635
21377
10829
31912
35966
32233
24108
1421
31775
36920
8712
10607
26448
3279
3913
524
14789
29084
29678
39453
5435
23859
2743
918
38565
12835
37594
28463
31097
26392
30986
17939
25787
6031
35241
36692
37740
8576
20737
31581
33930
4358
20609
2247
21961
5818
13619
30028
32121
19094
21414
29805
18975
30581
4960
31691
12386
2276
7859
5480
19623
11663
13114
17240
23616
3760
3127
12503
7943
22171
39710
13891
12758
15249
31607
1872
17537
21418
38332
35915
19827
21095
25299
21881
32053
26578
4437
21332
4015
33600
26006
20964
14790
31256
23572
39661
1669
8955
36470
8202
10015
32691
8610
9565
14223
3242
6930
92
19028
35489
9386
2016
3858
26085
35327
26895
7205
10216
19629
30263
3717
4220
19394
1234
25886
27699
8329
20692
20574
38124
105
13160
12214
14717
19489
17219
2178
9191
6785
29954
9149
27530
13266
34104
17369
1149
29042
11627
21836
29918
38363
30133
33666
3295
4700
16657
36559
9911
38927
29341
22073
15226
22034
9559
13325
26208
6391
38928
33926
12719
36138
4933
5318
27317
14179
18637
4575
27341
18603
26773
29878
14698
16757
21810
22843
22970
23198
22059
22236
7782
11707
18236
26320
21421
29551
11017
36570
39146
2644
5963
10563
11567
28744
2480
36465
36781
6869
36909
25872
10715
11771
17422
6613
24495
15756
20109
6257
29446
559
9678
790
11538
37656
27024
34459
15476
38314
19335
11428
22192
25166
17914
9338
13997
3349
39352
10859
22308
38410
39303
39533
21868
16735
35956
27891
36888
30552
15858
24315
1701
18528
28347
32229
15243
278
34964
16159
19526
36161
36964
22695
604
6184
17261
17444
837
23037
38872
29724
20414
2208
39642
18385
5264
38495
35397
29765
3864
26719
25644
7788
4891
36954
17891
31418
33951
28998
31390
14112
27599
18552
34688
19356
14678
20800
35562
27026
189
38770
15563
33481
9270
1919
5052
13092
6214
13121
37325
21718
20274
37025
24859
9649
2595
8261
3322
37470
13416
22830
7337
17591
5734
25482
12240
7218
13006
8767
4542
110
27354
23494
3540
24728
10492
876
10388
7673
38494
11719
13298
1219
33470
10936
24900
32514
4949
28236
15740
720
36631
22151
14122
17742
27676
427
6771
5130
9120
1386
13736
24376
29959
11029
4240
19330
7532
24864
3400
8428
286
13585
14647
8093
31181
2891
16475
18443
16921
7655
25565
18051
13323
4161
6919
19518
25339
29996
37022
39316
14602
39779
29919
12807
14748
25915
1111
31935
37988
142
8749
9615
15411
7813
33146
33268
34835
35534
22921
15715
26345
27415
20613
16662
27263
6154
33704
35733
28377
25662
1648
31012
17577
33324
1264
34229
25012
17137
32600
20325
21721
26064
30577
5929
29634
7182
33263
900
18177
22074
6733
8733
4254
10928
38100
36131
17875
228
17074
15648
29836
37930
8061
17682
7497
35288
6141
28723
31055
1516
22581
28781
24948
31733
5955
4330
8524
17397
34325
23776
12328
8865
7764
8066
32618
34114
28137
26507
33492
39364
34144
3235
1096
13208
37976
28582
30723
39613
10997
7528
24999
15258
11345
34403
10241
28807
25243
8069
260
15047
10205
11321
32898
21943
35148
31641
39117
3549
19654
8756
10822
20012
9665
25707
30238
7102
19159
32840
15815
6528
1519
4826
19738
8299
32740
30363
5663
22795
1048
37417
19662
16221
38154
20394
22865
19980
3611
17551
8348
35124
6448
37660
17698
16736
37213
26195
39932
14708
33458
8383
38938
12251
10941
2826
20805
24193
29338
3734
39721
24083
23941
30102
10323
22610
21931
29624
18844
31137
12560
22594
18677
29652
36507
25359
15164
18946
37227
30911
22939
29861
31789
21727
21381
22520
26304
28426
590
39630
10612
9085
29482
30147
24223
11261
31624
25424
36001
32660
28362
13230
39510
28649
33945
24895
16351
38603
9418
18400
39417
26666
25046
25865
5358
24685
34202
7395
19973
33500
37853
4248
639
39838
10328
35854
1258
3141
36202
5790
9499
35567
3627
30906
39678
15300
9928
25354
26941
30418
30192
15605
18819
291
16831
18872
19722
33612
7162
6806
1112
2716
4985
14668
21885
1110
15290
7976
37109
20678
17470
39102
19499
3368
12498
28376
11259
12287
3755
27002
19572
21592
5525
1312
2289
9871
36875
19012
3146
16821
262
21952
31534
34853
952
38471
18589
33395
12748
4265
9295
22332
12645
8537
28008
33893
218
26241
16946
12533
3667
5582
5429
1818
10309
33037
37807
8366
12909
25466
24903
29451
31589
6926
24036
7618
1726
33303
18586
31578
28887
1372
23748
19972
7423
5193
39027
14960
28395
18130
30896
25288
36863
20433
12013
32933
5396
20110
36439
33722
28796
15873
22926
29270
29791
25294
26298
29943
33498
15890
36036
14230
29192
26125
19441
21108
6902
35610
4840
30864
25550
16000
4435
26776
16126
32645
29375
22592
10830
362
39410
455
18015
10556
34080
38981
2019
18369
24088
13199
2540
29780
908
751
941
8160
11674
765
1639
24942
28100
21700
8071
37875
7004
9941
5401
2947
39653
37195
5109
523
27827
7536
31933
33383
21059
39679
22509
39084
31048
25538
32215
2416
30630
15433
28558
2664
9333
31540
25951
18560
37568
36300
7392
19048
23456
18628
9742
25231
7053
23880
25510
35122
35728
28825
24931
39005
3915
36495
24607
4036
8117
13756
22888
13375
3170
15394
9029
4475
20306
23644
35680
32662
15093
4784
13183
27631
14650
13512
37389
21954
19134
23394
36033
1391
68
13962
37652
1150
34377
21438
13757
31598
34693
15470
9449
3576
37613
27389
20935
8189
33108
25694
6188
26222
36851
18976
20651
28239
29665
11712
31416
24896
3558
4157
25351
10908
36719
22107
5082
30667
34999
31732
22188
12820
17148
23109
39764
2724
32133
11065
11437
31908
15743
29762
5976
39086
25188
10337
14865
33329
27685
7244
37721
26568
4183
1797
38436
17766
779
17908
1235
18340
25634
4356
32623
17624
1813
12844
9640
3155
5770
33569
22832
34379
5542
25700
26053
30152
30447
13431
34506
35487
30997
6624
2271
21582
11773
10017
15324
19072
5011
29013
11156
15475
13330
33168
17970
36049
30112
25484
35171
39229
20153
36827
3149
28525
12019
35055
9005
6805
5813
31099
28995
31835
9667
34772
17617
8127
16027
3247
25326
8959
26652
37278
15029
104
9507
17873
26755
30787
33293
9533
1017
9469
33005
2114
32962
17388
12398
27198
32317
7714
16916
19265
18312
8230
39489
39534
13533
39584
36299
11630
23597
36060
29142
34471
10798
37395
8965
10220
10441
16931
31563
9671
6759
33088
1182
22616
21633
16005
7682
33650
11653
37981
13654
39878
38283
28152
28355
6530
32432
10274
39400
24557
37359
8600
35191
33555
21716
6282
29922
24435
9908
7335
17403
14376
9641
36706
36751
11368
34807
14143
10903
24794
33421
9689
38195
3662
10770
7016
19174
32340
34173
35159
33941
29282
34986
38735
14441
20045
33811
3636
10470
18724
19828
21492
28961
4640
19589
31505
39629
34309
17695
22613
27407
404
32877
30774
32946
28370
12801
15222
5279
5037
25425
34075
274
13858
24661
24057
35584
15387
30124
17755
312
18283
8808
718
22005
5420
22182
24666
32993
7293
13763
35947
20925
11682
1032
21772
32774
26728
32386
27728
23259
17153
4911
6234
12548
31859
33388
7167
25184
8867
31094
31475
16500
18162
36819
39461
20024
8648
13719
4002
2193
12526
18522
25422
38561
39032
17861
26930
23199
25029
27495
33174
32426
39283
10542
15862
28783
11060
15111
26469
12837
23140
14235
31176
31415
3938
23383
17989
11365
13267
26894
22979
12581
2252
26169
16198
1359
3320
38521
7969
14892
36783
23537
2563
558
10402
15653
7703
28210
38009
1499
31199
20333
5572
36644
6541
28089
15181
35855
21428
22353
26077
5718
39460
7263
29059
22891
35484
31133
1612
37234
33389
12263
36411
26787
25818
6458
18948
17439
5945
28552
4126
22780
15486
34182
3393
6446
29655
7860
31613
25114
33954
4974
14142
20714
38562
25813
10675
24457
16945
14501
18302
21123
17213
17379
4585
34647
39372
17065
855
18462
37846
8212
21299
17210
17176
4656
8889
545
29572
38847
14861
15490
10293
28486
9489
22898
26473
13838
17101
15937
27825
5426
33988
35196
6144
29314
34296
39376
28293
27509
16620
28167
11532
2451
16231
6138
18923
8150
1183
8747
7073
32536
37945
14121
25013
13147
13168
36156
23936
8455
20616
21790
22834
25654
38642
19863
18774
2210
22685
18001
26244
33286
10416
3774
22601
36065
22168
4770
10629
9052
17483
11650
18077
20509
18804
23623
10559
2198
31107
1442
31756
913
36326
38448
26781
7447
23550
9111
33046
24969
39530
38403
4550
10960
38132
31021
16072
9734
17947
6744
4208
25064
20824
18565
14334
10994
31188
21639
3652
20263
7288
32310
18716
15096
30155
24753
10130
32905
16637
15067
1727
11731
29930
11014
6390
39254
1480
23337
8123
24486
32024
33097
11106
22901
4402
2230
34876
29103
13794
27821
28841
24804
10218
14458
31383
3730
10348
10766
21197
34006
20939
32002
29833
29205
11776
17436
39742
13710
25075
3416
12822
15191
22924
6433
31753
5669
7973
19996
6459
27038
13494
22554
21454
36684
29468
6470
10155
18740
26822
25718
11126
20883
26264
29303
16047
34698
29826
31553
15234
31174
17676
6875
29461
6249
12793
16103
13620
15204
23539
33758
18516
31663
26379
6796
19516
4096
9287
30237
38315
10914
24058
20507
18140
3689
36921
6272
19215
36468
7380
55
3889
17235
6985
6691
34530
30462
10846
18262
35453
36413
3528
28591
30373
22911
30368
33761
11257
31937
10012
32411
28440
28260
36347
4830
12871
19628
7923
14601
10801
35621
4812
31464
23564
13251
32041
12695
21126
23980
25726
4311
29581
16427
4317
11022
10623
11177
32346
29070
412
39621
35657
7186
14295
39912
1640
8859
36444
14013
30091
8449
10517
5841
13639
11501
7676
24769
34578
20288
4593
5828
22156
25673
28270
8788
33737
2680
13584
16283
28594
29148
22277
19861
26051
16209
1866
28145
26217
1414
3993
26427
2550
23944
28056
15962
38189
9135
17445
24628
28830
36718
8091
15997
7561
26272
39353
20670
3974
18035
19857
34273
454
8482
3154
15601
18371
21130
29082
34750
21854
21229
11206
31309
38803
12451
24615
15163
5962
17651
5742
34670
39628
35426
26915
21069
9492
6711
22768
36752
25224
34399
23939
11530
25767
23314
37015
5786
32630
9174
16305
21134
26602
38514
17378
26510
39139
39022
10707
33836
32720
30920
28687
93
32639
26951
13456
8877
5097
37835
12231
5049
11041
10574
12336
38801
13829
32638
36013
11322
9252
31272
22636
12059
39288
37795
22069
23425
6974
29107
19951
33505
